index    Exx    Eyy    Exy    Ezz
    0 -0.000  0.000 -0.000 -0.000
    1  0.000  0.000 -0.000 -0.000
    2  0.000  0.000 -0.000 -0.000
    3 -0.000 -0.000  0.000  0.000
    4  0.000 -0.000 -0.000  0.000
    5  0.000  0.000 -0.000 -0.000
    6  0.000 -0.000 -0.000 -0.000
    7  0.000 -0.000 -0.000  0.000
    8  0.000 -0.000 -0.000 -0.000
    9  0.000 -0.000 -0.000  0.000
   10  0.000 -0.000 -0.000  0.000
   11  0.000  0.000 -0.000 -0.000
   12 -0.000 -0.000 -0.000  0.000
   13 -0.000  0.000 -0.000 -0.000
   14  0.000  0.000 -0.000 -0.000
   15  0.000  0.000 -0.000 -0.000
   16  0.000  0.000 -0.000 -0.000
   17  0.000  0.000 -0.000 -0.000
   18  0.000  0.000 -0.000 -0.000
   19  0.000  0.000 -0.000 -0.001
   20  0.000  0.000 -0.000 -0.001
   21  0.000  0.000 -0.000 -0.001
   22  0.000  0.000 -0.000 -0.001
   23  0.000  0.000 -0.000 -0.001
   24  0.001  0.000 -0.000 -0.001
   25  0.001  0.001 -0.000 -0.001
   26  0.000  0.001 -0.000 -0.001
   27  0.000  0.001 -0.000 -0.001
   28  0.000  0.000 -0.000 -0.001
   29  0.000  0.001 -0.000 -0.001
   30  0.001  0.000 -0.000 -0.001
   31  0.000  0.001 -0.000 -0.001
   32  0.000  0.001 -0.000 -0.001
   33  0.000  0.001 -0.000 -0.001
   34  0.000  0.001 -0.000 -0.001
   35  0.000  0.001 -0.000 -0.001
   36  0.000  0.001 -0.000 -0.001
   37  0.000  0.001 -0.000 -0.001
   38  0.000  0.001 -0.000 -0.001
   39  0.001  0.001 -0.000 -0.001
   40  0.001  0.001 -0.000 -0.001
   41  0.001  0.001 -0.000 -0.001
   42  0.001  0.001 -0.000 -0.001
   43  0.001  0.001 -0.000 -0.001
   44  0.001  0.001 -0.000 -0.002
   45  0.001  0.001 -0.000 -0.002
   46  0.001  0.001 -0.000 -0.002
   47  0.001  0.001 -0.000 -0.003
   48  0.001  0.002 -0.000 -0.003
   49  0.002  0.002 -0.000 -0.003
   50  0.002  0.002 -0.000 -0.003
   51  0.002  0.002 -0.000 -0.004
   52  0.002  0.002 -0.000 -0.004
   53  0.002  0.003 -0.000 -0.005
   54  0.002  0.003 -0.000 -0.005
   55  0.003  0.003 -0.000 -0.006
   56  0.003  0.003 -0.000 -0.006
   57  0.003  0.003 -0.000 -0.006
   58  0.003  0.003 -0.000 -0.007
   59  0.003  0.004 -0.000 -0.007
   60  0.004  0.004 -0.000 -0.008
   61  0.004  0.004 -0.000 -0.008
   62  0.004  0.004 -0.000 -0.009
   63  0.004  0.005 -0.000 -0.009
   64  0.005  0.005 -0.000 -0.010
   65  0.005  0.005 -0.000 -0.010
   66  0.005  0.005 -0.000 -0.010
   67  0.005  0.006 -0.000 -0.011
   68  0.006  0.006 -0.000 -0.012
   69  0.006  0.006 -0.000 -0.013
   70  0.006  0.006 -0.000 -0.013
   71  0.007  0.007 -0.000 -0.013
   72  0.007  0.007 -0.000 -0.014
   73  0.007  0.007 -0.000 -0.015
   74  0.007  0.008 -0.000 -0.015
   75  0.008  0.008 -0.000 -0.016
   76  0.008  0.009 -0.000 -0.017
   77  0.008  0.009 -0.000 -0.017
   78  0.009  0.009 -0.000 -0.018
   79  0.009  0.010 -0.000 -0.019
   80  0.009  0.010 -0.000 -0.019
   81  0.010  0.010 -0.000 -0.020
   82  0.010  0.011 -0.000 -0.021
   83  0.010  0.011 -0.000 -0.021
   84  0.011  0.011 -0.000 -0.022
   85  0.011  0.011 -0.000 -0.023
   86  0.012  0.012 -0.000 -0.024
   87  0.012  0.012 -0.000 -0.024
   88  0.012  0.013 -0.000 -0.025
   89  0.013  0.013 -0.000 -0.026
   90  0.013  0.014 -0.000 -0.027
   91  0.014  0.014 -0.000 -0.028
   92  0.014  0.014 -0.000 -0.028
   93  0.014  0.015 -0.000 -0.029
   94  0.015  0.015 -0.000 -0.030
   95  0.015  0.016 -0.000 -0.031
   96  0.016  0.016 -0.000 -0.032
   97  0.016  0.016 -0.000 -0.032
   98  0.016  0.017 -0.000 -0.033
   99  0.017  0.017 -0.000 -0.034
  100  0.017  0.018 -0.000 -0.035
  101  0.018  0.018 -0.000 -0.036
  102  0.018  0.018 -0.000 -0.036
  103  0.019  0.019 -0.000 -0.038
  104  0.019  0.019 -0.000 -0.038
  105  0.019  0.020 -0.000 -0.039
  106  0.020  0.020 -0.000 -0.040
  107  0.020  0.021 -0.000 -0.041
  108  0.021  0.021 -0.000 -0.042
  109  0.021  0.022 -0.000 -0.043
  110  0.022  0.022 -0.000 -0.044
  111  0.022  0.023 -0.000 -0.045
  112  0.023  0.023 -0.000 -0.046
  113  0.023  0.024 -0.000 -0.047
  114  0.024  0.024 -0.000 -0.048
  115  0.024  0.025 -0.000 -0.049
  116  0.025  0.025 -0.000 -0.050
  117  0.026  0.026 -0.000 -0.052
  118  0.026  0.026 -0.000 -0.052
  119  0.026  0.027 -0.000 -0.053
  120  0.027  0.028 -0.000 -0.055
  121  0.028  0.028 -0.000 -0.056
  122  0.028  0.029 -0.000 -0.057
  123  0.029  0.029 -0.000 -0.058
  124  0.029  0.030 -0.000 -0.059
  125  0.030  0.031 -0.000 -0.061
  126  0.031  0.031 -0.000 -0.062
  127  0.031  0.032 -0.000 -0.063
  128  0.032  0.032 -0.000 -0.064
  129  0.032  0.033 -0.000 -0.065
  130  0.033  0.033 -0.000 -0.066
  131  0.034  0.034 -0.000 -0.067
  132  0.034  0.035 -0.000 -0.069
  133  0.035  0.035 -0.000 -0.070
  134  0.036  0.036 -0.000 -0.072
  135  0.036  0.037 -0.000 -0.073
  136  0.037  0.037 -0.000 -0.074
  137  0.038  0.038 -0.000 -0.075
  138  0.038  0.039 -0.000 -0.077
  139  0.039  0.039 -0.000 -0.078
  140  0.039  0.040 -0.000 -0.079
  141  0.040  0.041 -0.000 -0.081
  142  0.041  0.041 -0.000 -0.082
  143  0.042  0.042 -0.000 -0.083
  144  0.042  0.043 -0.000 -0.085
  145  0.043  0.044 -0.000 -0.086
  146  0.044  0.044 -0.000 -0.088
  147  0.044  0.045 -0.000 -0.089
  148  0.045  0.046 -0.000 -0.091
  149  0.046  0.047 -0.001 -0.092
  150  0.046  0.047 -0.001 -0.094
  151  0.047  0.048 -0.001 -0.095
  152  0.048  0.049 -0.001 -0.097
  153  0.049  0.050 -0.001 -0.098
  154  0.050  0.050 -0.001 -0.100
  155  0.050  0.051 -0.001 -0.101
  156  0.051  0.052 -0.001 -0.103
  157  0.052  0.053 -0.001 -0.105
  158  0.053  0.054 -0.001 -0.106
  159  0.053  0.054 -0.001 -0.107
  160  0.054  0.055 -0.001 -0.109
  161  0.055  0.056 -0.001 -0.111
  162  0.056  0.057 -0.001 -0.113
  163  0.057  0.058 -0.001 -0.114
  164  0.057  0.058 -0.001 -0.116
  165  0.058  0.059 -0.001 -0.117
  166  0.059  0.060 -0.001 -0.119
  167  0.060  0.061 -0.001 -0.121
  168  0.061  0.062 -0.001 -0.123
  169  0.062  0.063 -0.001 -0.125
  170  0.063  0.064 -0.001 -0.126
  171  0.063  0.065 -0.001 -0.128
  172  0.064  0.065 -0.001 -0.130
  173  0.065  0.066 -0.001 -0.132
  174  0.066  0.068 -0.001 -0.134
  175  0.067  0.068 -0.001 -0.135
  176  0.068  0.070 -0.001 -0.137
  177  0.069  0.070 -0.001 -0.139
  178  0.070  0.071 -0.001 -0.141
  179  0.071  0.072 -0.001 -0.143
  180  0.072  0.073 -0.001 -0.145
  181  0.073  0.074 -0.001 -0.147
  182  0.074  0.075 -0.001 -0.149
  183  0.075  0.076 -0.001 -0.151
  184  0.076  0.077 -0.001 -0.153
  185  0.077  0.078 -0.001 -0.155
  186  0.078  0.079 -0.001 -0.157
  187  0.079  0.080 -0.001 -0.159
  188  0.080  0.081 -0.001 -0.161
  189  0.081  0.082 -0.001 -0.163
  190  0.082  0.083 -0.001 -0.165
  191  0.083  0.084 -0.001 -0.167
  192  0.084  0.085 -0.001 -0.170
  193  0.085  0.087 -0.001 -0.172
  194  0.086  0.088 -0.001 -0.174
  195  0.087  0.089 -0.001 -0.176
  196  0.088  0.090 -0.001 -0.178
  197  0.089  0.091 -0.001 -0.181
  198  0.090  0.092 -0.001 -0.182
  199  0.090  0.092 -0.001 -0.182
  200  0.090  0.092 -0.001 -0.182
  201  0.090  0.092 -0.001 -0.182
  202  0.090  0.092 -0.001 -0.182
  203  0.090  0.091 -0.001 -0.182
  204  0.090  0.092 -0.001 -0.182
  205  0.185  0.185 -0.001 -0.370
  206  0.185  0.185 -0.001 -0.370
  207  0.275  0.272 -0.001 -0.547
  208  0.275  0.272 -0.001 -0.547
  209  0.305  0.300 -0.001 -0.605
  210  0.305  0.300 -0.001 -0.605
  211  0.337  0.330 -0.001 -0.668
  212  0.337  0.330 -0.001 -0.668
  213  0.366  0.356 -0.002 -0.722
  214  0.366  0.357 -0.002 -0.722
  215  0.394  0.382 -0.002 -0.776
  216  0.394  0.382 -0.002 -0.776
  217  0.409  0.395 -0.002 -0.804
  218  0.408  0.395 -0.002 -0.804
  219  0.424  0.409 -0.003 -0.832
  220  0.424  0.409 -0.003 -0.832
  221  0.431  0.415 -0.003 -0.847
  222  0.431  0.416 -0.003 -0.847
  223  0.430  0.414 -0.003 -0.844
